version https://git-lfs.github.com/spec/v1
oid sha256:b7fd601df2ecc0ba401d7622f28537ad0bab7a68741e0605b869d76ef4df4464
size 73533555
